14081 
14169 
89 
16952 
17006 
55 
75516 
75608 
93 
77367 
77593 
227 
122859 
123017 
159 
189712 
189847 
136 
271804 
271878 
75 
457952 
458008 
57 
475672 
475785 
114 
506428 
506511 
84 
606957 
607015 
59 
685904 
686066 
163 
852175 
852263 
89 
887199 
887277 
79 
1145812 
1145980 
169 
1195937 
1196009 
73 
1229852 
1229930 
79 
1268546 
1268612 
67 
1269081 
1269146 
66 
1269616 
1269683 
68 
1286289 
1286459 
171 
1403676 
1403833 
158 
1407153 
1407274 
122 
1407387 
1407461 
75 
1435145 
1435253 
109 
1489467 
1489530 
64 
1490143 
1490198 
56 
1620841 
1620938 
98 
1647406 
1647458 
53 
1762737 
1762804 
68 
1768396 
1768501 
106 
1886041 
1886126 
86 
1921090 
1921338 
249 
1921188 
1921308 
121 
1985863 
1986022 
160 
2023251 
2023337 
87 
2031673 
2031763 
91 
2069339 
2069542 
204 
2151333 
2151475 
143 
EOF
 
sRNA 
tpke11 
sokC 
sroA 
sgrS 
tp2 
tff 
eyeA 
sraA 
ffs 
sroB 
sokE 
sroC 
rybA 
rybB 
psrD 
c0293 
c0299 
rdlA 
rdlB 
rdlC 
rttR 
isrA 
fnrS 
c0343 
micC 
rydC 
sokB 
mgrR 
dicF 
rydB 
rprA 
sroD 
ryeA 
ryeB 
isrB 
dsrA 
rseX 
isrC 
sibA

EOF

b

MEV  
18.3 
95.6 
244.0 
177.4 
2981.2 
1744.4 
4.3 
9.7 
5689.9 
74.3 
41.6 
0 
5044.6 
54 
507 
23.3 
1.5 
38.2 
76.7 
200 
204.7 
144.4 
2659.4 
20.2 
1.7 
36.1 
70.9 
12202.8 
3.1 
197.5 
46.2 
48.2 
1163.7 
641 
4909.9 
19.7 
0.4 
7.1 
194.5 

EOF 

 
PRMc 
100 
100 
100 
96 
100 
100 
86 
100 
100 
100 
100 
0 
100 
100 
100 
99 
70 
100 
100 
100 
100 
100 
100 
100 
54 
100 
100 
100 
70 
100 
100 
99 
100 
100 
100 
91 
40 
90 
100 
EOF

start
2151668 
2165138 
2311106 
2494651 
2638617 
2651537 
2651877 
2689179 
2698081 
2698542 
2732175 
2753615 
2812824 
2885376 
2922178 
2940718 
2974124 
2974326 
3054005 
3054871 
3119380 
3182592 
3192745 
3193121 
3236396 
3268238 
3309247 
3348599 
3578950 
3662887 
3698159 
3720099 
3851141 
3984455 
4047922 
4049059 
4156308 
4188350 
4275950 
4526000 
4577858
EOF 
end

2151803 
2165224 
2311198 
2495085 
2638708 
2651745 
2652180 
2689362 
2698399 
2698618 
2732317 
2753977 
2812901 
2885431 
2922537 
2940923 
2974211 
2974407 
3054187 
3055010 
3119601 
3182740 
3192887 
3193262 
3236583 
3268614 
3309420 
3348719 
3579039 
3662991 
3698224 
3720128 
3851280 
3984626 
4048030 
4049303 
4156417 
4188510 
4276089 
4526089 
4577934 
EOF
length
136 
87 
93 
435 
92 
209 
304 
184 
319 
77 
143 
363 
78 
56 
360 
206 
88 
82 
183 
140 
222 
149 
143 
142 
188 
377 
174 
121 
90 
105 
66 
30 
140 
172 
109 
245 
110 
161 
140 
90 
77 
EOF
sRNA
sibB 
cyaR 
micF 
tpke70 
sroE 
is128 
ryfA 
glmY 
ryfB 
ohsC 
ryfD 
ssrA 
micA 
sokX 
csrB 
gcvB 
omrA 
omrB 
ssrS 
sibC 
c0719 
sroG 
sibD 
sibE 
psrNd 
rnpB 
psrO 
arcZ 
ryhB 
gadY 
rdlD 
sokA 
istR2 
glmZ 
spf 
csrC 
oxyS 
sroH 
ryjA 
ryjB 
symR 
EOF

MEV

533.4 
16.6 
15 
86.6 
131.7 
59 
194 
40053.3 
424.9 
1.3 
15455.8 
12037.9 
219.8 
5.4 
15107.8 
30569.1 
27.9 
29.7 
56151 
828.7 
35.1 
1949 
12568.9 
4988.4 
289.6 
1799.9 
241.8 
127.1 
76537 
1282.9 
87.9 
20.8 
5.1 
524.3 
21533.5 
9202.3 
140.6 
6981.2 
593.6 
475.3 
141.5 
EOF
PRM


100 
100 
100 
100 
100 
98 
100 
100 
99 
58 
100 
100 
100 
91 
100 
100 
100 
100 
100 
100 
100 
100 
100 
100 
100 
100 
100 
100 
100 
100 
100 
100 
93 
99 
100 
94 
85 
100 
98 
100 
100

EOF